1.13695 1 2048
1.13708 1 2048
1.13252 1 2048
1.13596 1 2048
1.13489 1 2048
1.13391 1 2048
1.13399 1 2048
1.12975 1 2048
1.13205 1 2048
1.13129 1 2048
0.569839 2 2048
0.5719 2 2048
0.572575 2 2048
0.570895 2 2048
0.571567 2 2048
0.572786 2 2048
0.572657 2 2048
0.570236 2 2048
0.572064 2 2048
0.570572 2 2048
0.290521 4 2048
0.291934 4 2048
0.29246 4 2048
0.291669 4 2048
0.291312 4 2048
0.291642 4 2048
0.292645 4 2048
0.29141 4 2048
0.29212 4 2048
0.291469 4 2048
0.151353 8 2048
0.152054 8 2048
0.151812 8 2048
0.165342 8 2048
0.152715 8 2048
0.151371 8 2048
0.15109 8 2048
0.150095 8 2048
0.151964 8 2048
0.150893 8 2048
0.104087 12 2048
0.10311 12 2048
0.103677 12 2048
0.103998 12 2048
0.103567 12 2048
0.103838 12 2048
0.10339 12 2048
0.103634 12 2048
0.103301 12 2048
0.103398 12 2048
0.0817632 16 2048
0.0820787 16 2048
0.0824583 16 2048
0.0818585 16 2048
0.0819071 16 2048
0.0826231 16 2048
0.082024 16 2048
0.0820452 16 2048
0.0822664 16 2048
0.082135 16 2048
0.0868196 20 2048
0.0860353 20 2048
0.0866642 20 2048
0.0869183 20 2048
0.0873958 20 2048
0.0865237 20 2048
0.087656 20 2048
0.0866141 20 2048
0.086686 20 2048
0.0868035 20 2048
14.5816 1 4096
14.5606 1 4096
14.5748 1 4096
7.54082 2 4096
7.53932 2 4096
7.53502 2 4096
4.12883 4 4096
4.12562 4 4096
4.1216 4 4096
3.20619 8 4096
3.20479 8 4096
3.20365 8 4096
2.16664 12 4096
2.16193 12 4096
2.17008 12 4096
2.09336 16 4096
1.83581 16 4096
1.82106 16 4096
1.89602 20 4096
1.89153 20 4096
1.92041 20 4096
14.5707 1 4096
14.5621 1 4096
14.5747 1 4096
7.51984 2 4096
7.53926 2 4096
7.50746 2 4096
4.12161 4 4096
4.12498 4 4096
4.11656 4 4096
3.20312 8 4096
3.19882 8 4096
3.2026 8 4096
2.15805 12 4096
2.1636 12 4096
2.16288 12 4096
1.8334 16 4096
1.82723 16 4096
1.82683 16 4096
1.89143 20 4096
1.89274 20 4096
1.89897 20 4096
32.3174 4 8192
26.1006 8 8192
20.9865 12 8192
18.9097 16 8192
