2048 4 677
4096 4 3868
4096 4 3994
4096 4 3963
4096 4 3876
4096 4 3981
4096 4 4005
8192 4 38682
8192 4 35447
8192 4 38126
8192 4 35272
8192 4 39006
8192 8 20747
8192 8 20625
8192 8 20632
8192 8 20551
8192 8 20654
8192 6 26770
8192 6 26798
8192 6 26743
8192 6 26606
8192 6 26747
4096 6 2833
4096 6 2877
4096 6 2876
4096 6 2934
4096 6 2879
4096 8 2424
4096 8 2419
4096 8 2418
4096 8 2435
4096 8 2428
8192 2 62352
8192 2 65414
8192 2 71018
8192 2 71004
8192 2 62485
8192 8 11745 32
8192 8 10733 16
8192 8 14872 2
4096 8 1907 2
4096 8 1914 2
4096 8 1929 2
4096 8 1899 2
4096 8 1866 2
4096 8 1569 4
4096 8 1559 4
4096 8 1564 4
4096 8 1567 4
4096 8 1559 4
4096 8 1452 8
4096 8 1444 8
4096 8 1443 8
4096 8 1442 8
4096 8 1455 8
4096 8 1569 16
4096 8 1559 16
4096 8 1568 16
4096 8 1572 16
4096 8 1564 16
