1.25663 1 8 2048 0
1.24717 1 8 2048 0
1.17701 1 8 2048 0
1.25454 1 8 2048 0
1.24787 1 8 2048 0
1.24717 1 8 2048 0
1.24801 1 8 2048 0
1.24443 1 8 2048 0
1.24236 1 8 2048 0
1.23992 1 8 2048 0
0.627948 2 8 2048 0
0.628674 2 8 2048 0
0.625971 2 8 2048 0
0.625066 2 8 2048 0
0.625452 2 8 2048 0
0.623868 2 8 2048 0
0.631696 2 8 2048 0
0.627351 2 8 2048 0
0.623846 2 8 2048 0
0.626599 2 8 2048 0
0.32448 4 8 2048 0
0.323123 4 8 2048 0
0.324775 4 8 2048 0
0.322765 4 8 2048 0
0.32548 4 8 2048 0
0.325243 4 8 2048 0
0.325103 4 8 2048 0
0.326628 4 8 2048 0
0.324661 4 8 2048 0
0.321208 4 8 2048 0
0.225369 6 8 2048 0
0.229358 6 8 2048 0
0.226398 6 8 2048 0
0.226059 6 8 2048 0
0.225077 6 8 2048 0
0.22464 6 8 2048 0
0.226017 6 8 2048 0
0.225353 6 8 2048 0
0.228936 6 8 2048 0
0.227564 6 8 2048 0
0.180417 8 8 2048 0
0.182102 8 8 2048 0
0.181696 8 8 2048 0
0.182287 8 8 2048 0
0.180484 8 8 2048 0
0.181024 8 8 2048 0
0.179774 8 8 2048 0
0.180298 8 8 2048 0
0.183595 8 8 2048 0
0.179054 8 8 2048 0
0.185326 10 8 2048 0
0.183376 10 8 2048 0
0.184972 10 8 2048 0
0.182067 10 8 2048 0
0.185765 10 8 2048 0
0.186147 10 8 2048 0
0.185087 10 8 2048 0
0.1841 10 8 2048 0
0.183921 10 8 2048 0
0.184126 10 8 2048 0
0.171458 12 8 2048 0
0.173286 12 8 2048 0
0.168941 12 8 2048 0
0.17111 12 8 2048 0
0.170126 12 8 2048 0
0.169633 12 8 2048 0
0.16924 12 8 2048 0
0.17066 12 8 2048 0
0.168423 12 8 2048 0
0.171013 12 8 2048 0
0.163711 14 8 2048 0
0.162169 14 8 2048 0
0.16544 14 8 2048 0
0.163171 14 8 2048 0
0.164543 14 8 2048 0
0.165059 14 8 2048 0
0.16046 14 8 2048 0
0.16517 14 8 2048 0
0.161316 14 8 2048 0
0.162096 14 8 2048 0
0.160816 16 8 2048 0
0.160661 16 8 2048 0
0.159283 16 8 2048 0
0.158394 16 8 2048 0
0.157245 16 8 2048 0
0.158437 16 8 2048 0
0.159119 16 8 2048 0
0.161381 16 8 2048 0
0.157582 16 8 2048 0
0.162167 16 8 2048 0
0.162232 18 8 2048 0
0.156545 18 8 2048 0
0.15853 18 8 2048 0
0.154551 18 8 2048 0
0.158766 18 8 2048 0
0.16013 18 8 2048 0
0.157424 18 8 2048 0
0.160881 18 8 2048 0
0.158466 18 8 2048 0
0.162105 18 8 2048 0
0.138898 20 8 2048 0
0.143677 20 8 2048 0
0.142138 20 8 2048 0
0.141804 20 8 2048 0
0.141298 20 8 2048 0
0.138531 20 8 2048 0
0.143354 20 8 2048 0
0.141312 20 8 2048 0
0.140977 20 8 2048 0
0.141052 20 8 2048 0
0.145513 24 8 2048 0
0.144987 24 8 2048 0
0.145318 24 8 2048 0
0.143948 24 8 2048 0
0.144795 24 8 2048 0
0.146193 24 8 2048 0
0.145667 24 8 2048 0
0.145801 24 8 2048 0
0.14537 24 8 2048 0
0.146696 24 8 2048 0
0.144739 28 8 2048 0
0.144492 28 8 2048 0
0.14375 28 8 2048 0
0.144981 28 8 2048 0
0.145448 28 8 2048 0
0.14272 28 8 2048 0
0.143303 28 8 2048 0
0.143758 28 8 2048 0
0.143799 28 8 2048 0
0.143122 28 8 2048 0
0.178011 32 8 2048 0
0.182233 32 8 2048 0
0.172887 32 8 2048 0
0.177947 32 8 2048 0
0.175974 32 8 2048 0
0.175527 32 8 2048 0
0.177895 32 8 2048 0
0.173888 32 8 2048 0
0.178893 32 8 2048 0
0.17682 32 8 2048 0
