1.20395 1 2048
1.20745 1 2048
1.21831 1 2048
1.19843 1 2048
1.2001 1 2048
1.20331 1 2048
1.20135 1 2048
1.20152 1 2048
1.1977 1 2048
1.19232 1 2048
0.554922 2 2048
0.554754 2 2048
0.555061 2 2048
0.554567 2 2048
0.554775 2 2048
0.555248 2 2048
0.554736 2 2048
0.554669 2 2048
0.55536 2 2048
0.554743 2 2048
0.283067 4 2048
0.283218 4 2048
0.283115 4 2048
0.283471 4 2048
0.283378 4 2048
0.283162 4 2048
0.283011 4 2048
0.283783 4 2048
0.282833 4 2048
0.283345 4 2048
0.148271 8 2048
0.147953 8 2048
0.148552 8 2048
0.148104 8 2048
0.14816 8 2048
0.14832 8 2048
0.148102 8 2048
0.147866 8 2048
0.147653 8 2048
0.1475 8 2048
0.103636 12 2048
0.103755 12 2048
0.103274 12 2048
0.103365 12 2048
0.103174 12 2048
0.103216 12 2048
0.103314 12 2048
0.103427 12 2048
0.103264 12 2048
0.103256 12 2048
0.082458 16 2048
0.0826575 16 2048
0.0825456 16 2048
0.0831223 16 2048
0.0822397 16 2048
0.0830383 16 2048
0.082794 16 2048
0.0829823 16 2048
0.0828098 16 2048
0.083019 16 2048
