0.165218 2 8 1290 0
0.165173 2 8 1290 0
0.164706 2 8 1290 0
0.165188 2 8 1290 0
0.164784 2 8 1290 0
0.164842 2 8 1290 0
0.164822 2 8 1290 0
0.165017 2 8 1290 0
0.164934 2 8 1290 0
0.164905 2 8 1290 0
0.160571 4 8 1625 0
0.160391 4 8 1625 0
0.160332 4 8 1625 0
0.159845 4 8 1625 0
0.160606 4 8 1625 0
0.160245 4 8 1625 0
0.160472 4 8 1625 0
0.160419 4 8 1625 0
0.16014 4 8 1625 0
0.160358 4 8 1625 0
0.163983 6 8 1860 0
0.164095 6 8 1860 0
0.164273 6 8 1860 0
0.164838 6 8 1860 0
0.164665 6 8 1860 0
0.164413 6 8 1860 0
0.164009 6 8 1860 0
0.163955 6 8 1860 0
0.163551 6 8 1860 0
0.164741 6 8 1860 0
0.181109 8 8 2047 0
0.178345 8 8 2047 0
0.179304 8 8 2047 0
0.179365 8 8 2047 0
0.180086 8 8 2047 0
0.172404 8 8 2047 0
0.182693 8 8 2047 0
0.17919 8 8 2047 0
0.178457 8 8 2047 0
0.180908 8 8 2047 0
0.257163 10 8 2206 0
0.258179 10 8 2206 0
0.263727 10 8 2206 0
0.258297 10 8 2206 0
0.25457 10 8 2206 0
0.261094 10 8 2206 0
0.252327 10 8 2206 0
0.262281 10 8 2206 0
0.264207 10 8 2206 0
0.251326 10 8 2206 0
0.309397 12 8 2344 0
0.321699 12 8 2344 0
0.320348 12 8 2344 0
0.32123 12 8 2344 0
0.312596 12 8 2344 0
0.321056 12 8 2344 0
0.314784 12 8 2344 0
0.317386 12 8 2344 0
0.315099 12 8 2344 0
0.312 12 8 2344 0
0.473442 16 8 2580 0
0.476799 16 8 2580 0
0.474364 16 8 2580 0
0.472646 16 8 2580 0
0.468933 16 8 2580 0
0.459115 16 8 2580 0
0.470258 16 8 2580 0
0.468386 16 8 2580 0
0.457871 16 8 2580 0
0.470314 16 8 2580 0
0.678576 20 8 2779 0
0.678421 20 8 2779 0
0.676532 20 8 2779 0
0.676589 20 8 2779 0
0.680341 20 8 2779 0
0.674473 20 8 2779 0
0.676603 20 8 2779 0
0.676919 20 8 2779 0
0.676076 20 8 2779 0
0.679262 20 8 2779 0