0.167166 1 8 1024 0
0.166728 1 8 1024 0
0.167142 1 8 1024 0
0.166943 1 8 1024 0
0.166895 1 8 1024 0
0.161597 2 8 1290 0
0.161908 2 8 1290 0
0.161653 2 8 1290 0
0.161492 2 8 1290 0
0.161465 2 8 1290 0
0.157857 4 8 1625 0
0.157507 4 8 1625 0
0.157635 4 8 1625 0
0.157526 4 8 1625 0
0.157539 4 8 1625 0
0.161758 6 8 1860 0
0.167448 1 8 1024 0
0.167804 1 8 1024 0
0.167545 1 8 1024 0
0.167757 1 8 1024 0
0.167449 1 8 1024 0
0.161513 2 8 1290 0
0.161781 2 8 1290 0
0.161639 2 8 1290 0
0.162499 2 8 1290 0
0.161812 2 8 1290 0
0.158245 4 8 1625 0
0.157837 4 8 1625 0
0.1582 4 8 1625 0
0.158304 4 8 1625 0
0.158954 4 8 1625 0
0.162624 6 8 1860 0
0.164141 6 8 1860 0
0.163205 6 8 1860 0
0.164096 6 8 1860 0
0.162589 6 8 1860 0
1.27605 1 8 2048 0
1.26339 1 8 2048 0
1.24824 1 8 2048 0
1.27012 1 8 2048 0
1.25375 1 8 2048 0
1.73458 2 8 2580 0
1.73274 2 8 2580 0
1.4834 2 8 2580 0
1.73048 2 8 2580 0
1.72596 2 8 2580 0
2.53088 4 8 3250 0
1.96467 4 8 3250 0
2.53831 4 8 3250 0
2.52535 4 8 3250 0
2.53522 4 8 3250 0
2.47425 6 8 3721 0
2.47649 6 8 3721 0
2.47309 6 8 3721 0
2.47397 6 8 3721 0
2.47282 6 8 3721 0
3.95935 8 8 4095 0
3.24335 8 8 4095 0
3.95994 8 8 4095 0
3.95986 8 8 4095 0
3.95722 8 8 4095 0
4.38586 10 8 4412 0
4.36586 10 8 4412 0
4.33187 10 8 4412 0
4.34797 10 8 4412 0
4.32967 10 8 4412 0
5.05401 12 8 4688 0
5.08085 12 8 4688 0
1.21818 1 2048 2048 0
1.21394 1 2048 2048 0
1.21417 1 2048 2048 0
1.20405 1 2048 2048 0
1.21243 1 2048 2048 0
2.43686 2 1290 2580 0
2.7271 2 1290 2580 0
